,dataset,6,2,3,1,11
0,AbdomenCT1K,71.64,7.355,7.355,10.02,3.62
1,AbdomenCT1K,78.59,7.055,7.055,4.8,2.5
2,AbdomenCT1K,78.07,6.005,6.005,7.6,2.31
3,AbdomenCT1K,66.1,8.32,8.32,13.49,3.78
4,AbdomenCT1K,69.53,8.215,8.215,11.04,3
5,AbdomenCT1K,72.61,8.8,8.8,6.6,3.19
6,AbdomenCT1K,68.88,10.09,10.09,6.56,4.38
7,AbdomenCT1K,69.61,8.935,8.935,9.07,3.45
8,AbdomenCT1K,73.16,7.785,7.785,6.51,4.75
9,AbdomenCT1K,63.03,12.835,12.835,7.35,3.95
10,AbdomenCT1K,67.18,9.35,9.35,9.56,4.56
11,AbdomenCT1K,75.04,8.37,8.37,6.22,2
12,AbdomenCT1K,70.57,8.645,8.645,7.18,4.96
13,AbdomenCT1K,66.6,8.8,8.8,13.2,2.6
14,AbdomenCT1K,57.83,13.85,13.85,8.57,5.9
15,AbdomenCT1K,67.7,9.055,9.055,10.61,3.59
16,AbdomenCT1K,58.11,13.51,13.51,10.85,4.03
17,AbdomenCT1K,65.09,10.515,10.515,9.48,4.4
18,AbdomenCT1K,61.84,11.52,11.52,10.52,4.6
19,AbdomenCT1K,74.13,8.795,8.795,5.92,2.36
20,AbdomenCT1K,75.31,8.71,8.71,4.92,2.35
21,AbdomenCT1K,72.16,8.695,8.695,4.26,6.19
22,AbdomenCT1K,68.79,9.28,9.28,9.76,2.89
23,AbdomenCT1K,59.35,11.39,11.39,13.28,4.59
24,AbdomenCT1K,47.8,20.695,20.695,7.79,3.02
25,AbdomenCT1K,49.18,9.32,9.32,27.91,4.27
26,AbdomenCT1K,41.66,18.93,18.93,15.38,5.1
27,AbdomenCT1K,68.78,9.35,9.35,8.86,3.66
28,AbdomenCT1K,69.32,9.8,9.8,6.58,4.5
29,AbdomenCT1K,74.03,5.82,5.82,10.22,4.11
30,AbdomenCT1K,67.57,9.005,9.005,10.05,4.37
31,AbdomenCT1K,72.47,7.235,7.235,10.14,2.91
32,AbdomenCT1K,67.16,9.5,9.5,10.26,3.58
33,AbdomenCT1K,64.55,10.3,10.3,11.24,3.6
34,AbdomenCT1K,66.11,12.045,12.045,6.96,2.84
35,AbdomenCT1K,62.57,7.645,7.645,17.8,4.34
36,AbdomenCT1K,57.55,5.76,5.76,28.1,2.84
37,AbdomenCT1K,68.9,9.785,9.785,9.27,2.26
38,AbdomenCT1K,63.38,11.515,11.515,8.72,4.86
39,AbdomenCT1K,69.86,10.145,10.145,6.61,3.24
40,AbdomenCT1K,71.45,8.335,8.335,8.25,3.62
41,AbdomenCT1K,69.15,10.265,10.265,7.56,2.76
42,AbdomenCT1K,68.07,10.145,10.145,7.84,3.79
43,AbdomenCT1K,70.28,7.635,7.635,10.17,4.28
44,AbdomenCT1K,68.25,6.76,6.76,15.03,3.2
45,AbdomenCT1K,70.12,7.34,7.34,9.63,5.56
46,AbdomenCT1K,71.41,12.055,12.055,3.24,1.24
47,AbdomenCT1K,71.45,7.435,7.435,9.92,3.76
48,AbdomenCT1K,65.14,8.55,8.55,13.87,3.89
49,AbdomenCT1K,65.78,9.83,9.83,10.01,4.55
50,AbdomenCT1K,76.32,6.22,6.22,6.84,4.41
51,AbdomenCT1K,61.12,8.405,8.405,17.31,4.76
52,AbdomenCT1K,77.34,5.755,5.755,7.84,3.31
53,AbdomenCT1K,70.97,7.765,7.765,9.53,3.96
54,AbdomenCT1K,72.32,6.85,6.85,11.03,2.95
55,AbdomenCT1K,78.33,6.025,6.025,6.16,3.46
56,AbdomenCT1K,63.95,9.035,9.035,14.28,3.7
57,AbdomenCT1K,66.57,7.835,7.835,11.87,5.89
58,AbdomenCT1K,72.74,6.33,6.33,10.83,3.76
59,AbdomenCT1K,69.54,8.415,8.415,9.11,4.52
60,AbdomenCT1K,71.82,9.745,9.745,4.96,3.73
61,AbdomenCT1K,67.67,8.905,8.905,10.45,4.07
62,AbdomenCT1K,67.02,9.265,9.265,9.03,5.43
63,AbdomenCT1K,69.62,9.47,9.47,7.59,3.86
64,AbdomenCT1K,76.17,6.53,6.53,6.96,3.82
65,AbdomenCT1K,65.36,7.99,7.99,14.63,4.03
66,AbdomenCT1K,70.16,7.56,7.56,8.9,5.82
67,AbdomenCT1K,68.77,6.58,6.58,13.47,4.6
68,AbdomenCT1K,73.23,8.23,8.23,5.59,4.72
69,AbdomenCT1K,63.28,9.585,9.585,8.03,9.52
70,AbdomenCT1K,64.81,8.88,8.88,11.53,5.9
71,AbdomenCT1K,72.22,4.795,4.795,12.41,5.78
72,AbdomenCT1K,71.38,7.2,7.2,9.48,4.74
73,AbdomenCT1K,56.23,10.145,10.145,16.94,6.53
74,AbdomenCT1K,71.06,9.43,9.43,5.22,4.87
75,AbdomenCT1K,71.35,8.305,8.305,7.48,4.57
76,AbdomenCT1K,59.26,5.075,5.075,28.45,2.14
77,AbdomenCT1K,67.36,9.665,9.665,8.35,4.96
78,AbdomenCT1K,66.98,10.715,10.715,5.82,5.76
79,AbdomenCT1K,68.12,5.925,5.925,13.79,6.24
80,AbdomenCT1K,63.47,9.67,9.67,11.54,5.65
81,AbdomenCT1K,62.19,7.085,7.085,16.59,7.04
82,AbdomenCT1K,70.46,8.45,8.45,5.48,7.16
83,AbdomenCT1K,65.53,8.65,8.65,10.67,6.5
84,AbdomenCT1K,61.98,11.685,11.685,7.63,7.02
85,AbdomenCT1K,75.03,8.855,8.855,3.76,3.49
86,AbdomenCT1K,70.61,6.53,6.53,14.31,2.02
87,AbdomenCT1K,59.27,14.18,14.18,7.21,5.15
88,AbdomenCT1K,76.94,7.08,7.08,5.76,3.14
89,AbdomenCT1K,69.87,8.205,8.205,11.1,2.63
90,AbdomenCT1K,71.24,8.205,8.205,9.11,3.24
91,AbdomenCT1K,72.29,8.73,8.73,6.86,3.4
92,AbdomenCT1K,68.06,7.285,7.285,13.38,4
93,AbdomenCT1K,68.77,11.08,11.08,5.74,3.33
94,AbdomenCT1K,71.63,7.205,7.205,12.37,1.6
95,AbdomenCT1K,77.47,7.44,7.44,4.64,3
96,AbdomenCT1K,61.34,10.955,10.955,12.52,4.22
97,AbdomenCT1K,62.73,6.38,6.38,22.23,2.27
98,AbdomenCT1K,71.37,9.145,9.145,7.89,2.45
99,AbdomenCT1K,73.1,7.485,7.485,8.16,3.78
100,AbdomenCT1K,70.51,9.035,9.035,7.95,3.46
101,AbdomenCT1K,68.81,9.105,9.105,9.75,3.24
102,AbdomenCT1K,74.74,8.51,8.51,4.89,3.35
103,AbdomenCT1K,65.48,9.815,9.815,11.95,2.94
104,AbdomenCT1K,72.21,7.28,7.28,9.63,3.6
105,AbdomenCT1K,67.89,11.64,11.64,6.71,2.12
106,AbdomenCT1K,69.1,8.41,8.41,11.89,2.19
107,AbdomenCT1K,69.69,9.275,9.275,10.3,1.46
108,AbdomenCT1K,55.99,9.965,9.965,21.96,2.12
109,AbdomenCT1K,69.09,8.135,8.135,13.18,1.47
110,AbdomenCT1K,69.76,9.51,9.51,7.59,3.63
111,AbdomenCT1K,69.81,9.1,9.1,9.45,2.54
112,AbdomenCT1K,61.98,8.835,8.835,16.96,3.39
113,AbdomenCT1K,74.64,7.29,7.29,8.55,2.23
114,AbdomenCT1K,65.95,9.355,9.355,11.24,4.1
115,AbdomenCT1K,70.55,8.38,8.38,10.41,2.28
116,AbdomenCT1K,69.49,9.54,9.54,6.89,4.54
117,AbdomenCT1K,69.62,7.87,7.87,11.51,3.13
118,AbdomenCT1K,74.22,9.35,9.35,2.77,4.31
119,AbdomenCT1K,64.2,8.4,8.4,13.68,5.32
120,AbdomenCT1K,67.39,9.42,9.42,10.45,3.33
121,AbdomenCT1K,69,8.825,8.825,9.83,3.52
122,AbdomenCT1K,67.81,7.61,7.61,10.23,6.74
123,AbdomenCT1K,68.63,9.42,9.42,7.96,4.58
124,AbdomenCT1K,72.81,8.08,8.08,8.49,2.55
125,AbdomenCT1K,66.45,6.995,6.995,16.63,2.93
126,AbdomenCT1K,77.07,5.84,5.84,7.9,3.35
127,AbdomenCT1K,71.52,6.995,6.995,8.33,6.16
128,AbdomenCT1K,62.19,6.065,6.065,7.16,18.52
129,AbdomenCT1K,69.91,8.16,8.16,10.78,2.99
130,AbdomenCT1K,67.87,8.79,8.79,9.24,5.32
131,AbdomenCT1K,69.58,6.02,6.02,14.71,3.67
132,AbdomenCT1K,70.94,8.52,8.52,8.26,3.76
133,AbdomenCT1K,66.7,8.42,8.42,12.72,3.75
134,AbdomenCT1K,73.18,6.795,6.795,10.08,3.15
135,AbdomenCT1K,71.84,8.255,8.255,7.79,3.85
136,AbdomenCT1K,69.32,7.9,7.9,11.98,2.9
137,AbdomenCT1K,68.48,9.725,9.725,7.73,4.33
138,AbdomenCT1K,75.1,6.655,6.655,10.25,1.35
139,AbdomenCT1K,74.22,7.57,7.57,6.41,4.24
140,AbdomenCT1K,84.54,0.745,0.745,11.96,2.01
141,AbdomenCT1K,70.69,9.15,9.15,8.21,2.79
142,AbdomenCT1K,65,10.545,10.545,8.63,5.28
143,AbdomenCT1K,69.86,8.82,8.82,9.43,3.08
144,AbdomenCT1K,66.04,9.1,9.1,12.37,3.39
145,AbdomenCT1K,68.38,8.385,8.385,10.98,3.87
146,AbdomenCT1K,74.87,7.035,7.035,7.35,3.71
147,AbdomenCT1K,61.98,8.235,8.235,18.22,3.33
148,AbdomenCT1K,67.48,8.345,8.345,12.56,3.27
149,AbdomenCT1K,56.06,7.47,7.47,20.9,8.09
150,AbdomenCT1K,68.1,9.445,9.445,9.97,3.04
151,AbdomenCT1K,66.95,7.97,7.97,13.26,3.85
152,AbdomenCT1K,67.75,8.01,8.01,10.72,5.51
153,AbdomenCT1K,60.24,8.575,8.575,19.29,3.32
154,AbdomenCT1K,60.93,13.41,13.41,8.33,3.93
155,AbdomenCT1K,71.66,9.02,9.02,7.1,3.2
156,AbdomenCT1K,61.12,15.985,15.985,5.15,1.76
157,AbdomenCT1K,69.46,7.61,7.61,12.27,3.05
158,AbdomenCT1K,70.72,8.095,8.095,9.79,3.29
159,AbdomenCT1K,53.21,18.29,18.29,8.3,1.91
160,AbdomenCT1K,68.54,7.105,7.105,14.18,3.07
161,AbdomenCT1K,59.13,11.96,11.96,12.9,4.05
162,AbdomenCT1K,70.08,13.25,13.25,0,3.42
163,AbdomenCT1K,65.31,8.71,8.71,12.64,4.63
164,AbdomenCT1K,73.83,8.72,8.72,4.97,3.76
165,AbdomenCT1K,71.95,10.015,10.015,4.51,3.51
166,AbdomenCT1K,72.47,8.525,8.525,7.07,3.4
167,AbdomenCT1K,72.09,8.02,8.02,9.75,2.12
168,AbdomenCT1K,74.56,6.05,6.05,11.39,1.95
169,AbdomenCT1K,66.74,9.245,9.245,10.36,4.41
170,AbdomenCT1K,72.14,8.9,8.9,5.85,4.21
171,AbdomenCT1K,61.28,9.65,9.65,14.38,5.04
172,AbdomenCT1K,73.94,8.16,8.16,6.63,3.11
173,AbdomenCT1K,78.48,5.015,5.015,7.11,4.38
174,AbdomenCT1K,67.47,10.405,10.405,6.62,5.09
175,AbdomenCT1K,69.14,7.315,7.315,11.85,4.38
176,AbdomenCT1K,63.65,9.115,9.115,15.38,2.73
177,AbdomenCT1K,75.39,8.22,8.22,4.57,3.6
178,AbdomenCT1K,67.15,7.79,7.79,14.6,2.67
179,AbdomenCT1K,69.32,8.445,8.445,11.17,2.63
180,AbdomenCT1K,76.25,6.36,6.36,9.24,1.79
181,AbdomenCT1K,60.78,11.505,11.505,11.85,4.36
182,AbdomenCT1K,70,9.465,9.465,6.29,4.78
183,AbdomenCT1K,72.02,7.245,7.245,10.35,3.14
184,AbdomenCT1K,69.84,8.66,8.66,9.69,3.14
185,AbdomenCT1K,65.61,8.57,8.57,13,4.24
186,AbdomenCT1K,65.39,9.525,9.525,12.61,2.95
187,AbdomenCT1K,74.14,7.165,7.165,8.36,3.17
188,AbdomenCT1K,67.06,8.425,8.425,11.21,4.88
189,AbdomenCT1K,65.94,8.965,8.965,11.29,4.84
190,AbdomenCT1K,69.49,9.3,9.3,7.38,4.52
191,AbdomenCT1K,62.03,6.485,6.485,23.07,1.93
192,AbdomenCT1K,57.48,7,7,24.69,3.82
193,AbdomenCT1K,64.92,9.46,9.46,10.76,5.4
194,AbdomenCT1K,68.7,6.595,6.595,13.94,4.17
195,AbdomenCT1K,76.25,7.955,7.955,5,2.84
196,AbdomenCT1K,68.36,6.89,6.89,14.41,3.45
197,AbdomenCT1K,81.83,5.975,5.975,4.05,2.17
198,AbdomenCT1K,76.38,9.07,9.07,4.11,1.37
199,AbdomenCT1K,66.6,8.715,8.715,12.25,3.72
200,AbdomenCT1K,67.11,6.76,6.76,15.25,4.12
201,AbdomenCT1K,76.9,6.295,6.295,6.09,4.42
202,AbdomenCT1K,68.4,5.9,5.9,15.39,4.41
203,AbdomenCT1K,72.29,6.54,6.54,9.9,4.74
204,AbdomenCT1K,67.8,10.125,10.125,8.56,3.39
205,AbdomenCT1K,73.04,5.595,5.595,13.64,2.12
206,AbdomenCT1K,64.94,7.96,7.96,16.1,3.04
207,AbdomenCT1K,70.69,7.27,7.27,10,4.76
208,AbdomenCT1K,73.6,7.95,7.95,8.61,1.88
209,AbdomenCT1K,72.74,8.675,8.675,6.61,3.3
210,AbdomenCT1K,75.63,6.79,6.79,7.5,3.29
211,AbdomenCT1K,56.08,4,4,33.23,2.69
212,AbdomenCT1K,71.92,8.175,8.175,8.64,3.09
213,AbdomenCT1K,66.5,7.78,7.78,14.38,3.56
214,AbdomenCT1K,71.89,7.795,7.795,7.4,5.13
215,AbdomenCT1K,76.07,7.37,7.37,5.69,3.5
216,AbdomenCT1K,71.11,7.135,7.135,10.55,4.08
217,AbdomenCT1K,71.51,7.86,7.86,8.98,3.79
218,AbdomenCT1K,71.6,8.02,8.02,9.02,3.34
219,AbdomenCT1K,69.35,9.335,9.335,7.04,4.94
220,AbdomenCT1K,73.56,6.895,6.895,9.14,3.51
221,AbdomenCT1K,68.49,6.58,6.58,14.93,3.41
222,AbdomenCT1K,56.38,3.41,3.41,34.35,2.45
223,AbdomenCT1K,67.78,8.735,8.735,10.88,3.87
224,AbdomenCT1K,65.91,9.545,9.545,9,5.99
225,AbdomenCT1K,74.63,7.785,7.785,5.07,4.73
226,AbdomenCT1K,48.29,18.995,18.995,9.81,3.91
227,AbdomenCT1K,69.87,7.97,7.97,8.25,5.94
228,AbdomenCT1K,72.95,5.68,5.68,9.15,6.54
229,AbdomenCT1K,69.65,9.14,9.14,8.81,3.26
230,AbdomenCT1K,62.59,10.165,10.165,11.1,5.98
231,AbdomenCT1K,73.91,8.175,8.175,7.04,2.7
232,AbdomenCT1K,66.25,6.725,6.725,16.15,4.15
233,AbdomenCT1K,70,6.715,6.715,10.57,6
234,AbdomenCT1K,75.13,5.175,5.175,8.71,5.82
235,AbdomenCT1K,66.1,7.475,7.475,14,4.95
236,AbdomenCT1K,65.88,7.645,7.645,10.83,8
237,AbdomenCT1K,65.22,9.4,9.4,9.95,6.04
238,AbdomenCT1K,69.7,9.47,9.47,6.15,5.22
239,AbdomenCT1K,66.02,10.835,10.835,7.88,4.44
240,AbdomenCT1K,78.47,6.28,6.28,5.75,3.23
241,AbdomenCT1K,70.96,6.68,6.68,11.77,3.91
242,AbdomenCT1K,67.65,7.87,7.87,5.63,10.98
243,AbdomenCT1K,67.68,5.695,5.695,13.63,7.3
244,AbdomenCT1K,75.84,5.955,5.955,8.81,3.44
245,AbdomenCT1K,70.85,9.595,9.595,4.96,5
246,AbdomenCT1K,69.18,7.925,7.925,10.79,4.19
247,AbdomenCT1K,63.39,11.135,11.135,10.48,3.86
248,AbdomenCT1K,73.97,7.63,7.63,6.82,3.96
249,AbdomenCT1K,64.16,8.72,8.72,13.84,4.56
250,AbdomenCT1K,71.49,9.505,9.505,7.23,2.27
251,AbdomenCT1K,62.69,9.5,9.5,15.78,2.53
252,AbdomenCT1K,73.81,7.095,7.095,9.15,2.84
253,AbdomenCT1K,70.29,11.565,11.565,4.47,2.11
254,AbdomenCT1K,59.39,5.68,5.68,26.8,2.45
255,AbdomenCT1K,66.18,10.61,10.61,7.3,5.3
256,AbdomenCT1K,57.04,15.19,15.19,8.09,4.49
257,AbdomenCT1K,66.33,9.725,9.725,9.65,4.58
258,AbdomenCT1K,67.14,9.29,9.29,10.68,3.6
259,AbdomenCT1K,67.19,10.91,10.91,8.21,2.78
260,AbdomenCT1K,66.79,11.03,11.03,7.02,4.13
261,AbdomenCT1K,72.25,9.915,9.915,5.68,2.24
262,AbdomenCT1K,66.62,9.22,9.22,10.64,4.3
263,AbdomenCT1K,69.88,9.695,9.695,6.18,4.55
264,AbdomenCT1K,74.01,6.35,6.35,11.1,2.19
265,AbdomenCT1K,71.62,6.71,6.71,11.96,2.99
266,AbdomenCT1K,71.12,7.205,7.205,11.23,3.24
267,AbdomenCT1K,71.75,6.325,6.325,10.41,5.19
268,AbdomenCT1K,74.23,6.935,6.935,9.49,2.41
269,AbdomenCT1K,70.83,8.515,8.515,7.88,4.26
270,AbdomenCT1K,61.86,7.695,7.695,20.4,2.35
271,AbdomenCT1K,72.24,7.015,7.015,8.79,4.94
272,AbdomenCT1K,72.34,9.36,9.36,5.41,3.53
273,AbdomenCT1K,74.03,6.69,6.69,10.21,2.38
274,AbdomenCT1K,64.31,10.23,10.23,12.77,2.45
275,AbdomenCT1K,74.68,7.12,7.12,7.11,3.97
276,AbdomenCT1K,64.84,11.225,11.225,8.42,4.29
277,AbdomenCT1K,71.89,7.825,7.825,8.36,4.09
278,AbdomenCT1K,74.54,7.91,7.91,6.45,3.19
279,AbdomenCT1K,68.17,7.91,7.91,12.9,3.11
280,AbdomenCT1K,79.97,6.91,6.91,5.08,1.13
281,AbdomenCT1K,71.91,8.02,8.02,8.43,3.62
282,AbdomenCT1K,74.76,6.955,6.955,8.44,2.89
283,AbdomenCT1K,76.31,6.6,6.6,7.45,3.04
284,AbdomenCT1K,67.15,10.695,10.695,5.96,5.49
285,AbdomenCT1K,66.18,8.5,8.5,10.95,5.87
286,AbdomenCT1K,67.37,9.535,9.535,9.29,4.27
287,AbdomenCT1K,66.96,8.005,8.005,7.56,9.46
288,AbdomenCT1K,64.89,8.905,8.905,14.44,2.85
289,AbdomenCT1K,68.65,7.185,7.185,12.54,4.44
290,AbdomenCT1K,37,17.935,17.935,18.26,8.87
291,AbdomenCT1K,69.09,6.53,6.53,14.36,3.49
292,AbdomenCT1K,72.6,8.11,8.11,5.75,5.44
293,AbdomenCT1K,69.69,7.235,7.235,11.68,4.16
294,AbdomenCT1K,64.51,8.055,8.055,14.81,4.57
295,AbdomenCT1K,72.8,8.52,8.52,7.81,2.35
296,AbdomenCT1K,68.91,7.37,7.37,11.55,4.8
297,AbdomenCT1K,64.65,12.085,12.085,8.52,2.66
298,AbdomenCT1K,74.91,7.03,7.03,7.26,3.77
299,AbdomenCT1K,64.63,9.75,9.75,11.74,4.13
300,AbdomenCT1K,63.74,9.88,9.88,13.62,2.87
301,AbdomenCT1K,69.84,6.92,6.92,11.29,5.04
302,AbdomenCT1K,69.58,10.48,10.48,6.3,3.16
303,AbdomenCT1K,66.56,10.055,10.055,9.69,3.64
304,AbdomenCT1K,72.58,6.255,6.255,12.37,2.54
305,AbdomenCT1K,69.77,9.57,9.57,8.7,2.4
306,AbdomenCT1K,67.08,9.205,9.205,11.69,2.82
307,AbdomenCT1K,74.32,6.41,6.41,9.97,2.89
308,AbdomenCT1K,77.67,6.95,6.95,6.03,2.4
309,AbdomenCT1K,70.22,8.455,8.455,7.7,5.18
310,AbdomenCT1K,67.19,10,10,9.07,3.74
311,AbdomenCT1K,64.15,7.415,7.415,17.47,3.55
312,AbdomenCT1K,65.66,11.55,11.55,8.13,3.11
313,AbdomenCT1K,61.52,13.655,13.655,8.43,2.74
314,AbdomenCT1K,65.75,10.375,10.375,11.21,2.29
315,AbdomenCT1K,59.43,14.73,14.73,8.1,3.01
316,AbdomenCT1K,69.49,7.77,7.77,11.46,3.51
317,AbdomenCT1K,80.71,5.975,5.975,5.73,1.61
318,AbdomenCT1K,76.48,6.235,6.235,8.63,2.42
319,AbdomenCT1K,68.08,7.505,7.505,13.27,3.64
320,AbdomenCT1K,73,8.255,8.255,6.37,4.12
321,AbdomenCT1K,68.47,10.105,10.105,7.22,4.11
322,AbdomenCT1K,60.71,11.76,11.76,12.92,2.85
323,AbdomenCT1K,69.25,8.05,8.05,11.18,3.46
324,AbdomenCT1K,71.43,9.47,9.47,6.76,2.87
325,AbdomenCT1K,67.74,10.86,10.86,6.78,3.77
326,AbdomenCT1K,57.26,12.695,12.695,12.11,5.23
327,AbdomenCT1K,72.32,8.44,8.44,7.15,3.64
328,AbdomenCT1K,75.05,7.44,7.44,6.6,3.47
329,AbdomenCT1K,70.86,8.345,8.345,8.71,3.73
330,AbdomenCT1K,72.66,8.485,8.485,6.24,4.13
331,AbdomenCT1K,70.47,8.71,8.71,7.55,4.56
332,AbdomenCT1K,72.95,7.69,7.69,7.61,4.05
333,AbdomenCT1K,77.48,5.54,5.54,8.65,2.79
334,AbdomenCT1K,77.4,6.065,6.065,7.9,2.57
335,AbdomenCT1K,71.64,7.985,7.985,9.22,3.16
336,AbdomenCT1K,68.85,7.89,7.89,11.35,4.01
337,AbdomenCT1K,66.91,9.085,9.085,11.31,3.6
338,AbdomenCT1K,73.67,6.85,6.85,8.45,4.19
339,AbdomenCT1K,75.92,6.725,6.725,7.02,3.6
340,AbdomenCT1K,69.12,6.145,6.145,13.96,4.63
341,AbdomenCT1K,75.76,7.51,7.51,7.11,2.11
342,AbdomenCT1K,71.67,7.375,7.375,9.35,4.23
343,AbdomenCT1K,65.47,7.575,7.575,14.89,4.49
344,AbdomenCT1K,72.81,6.19,6.19,11.08,3.73
345,AbdomenCT1K,72.73,6.09,6.09,8.17,6.92
346,AbdomenCT1K,68.52,6.745,6.745,14.17,3.82
347,AbdomenCT1K,72.36,7.12,7.12,8.8,4.59
348,AbdomenCT1K,68.68,8.02,8.02,10.86,4.42
349,AbdomenCT1K,68.96,9.225,9.225,9.78,2.81
350,AbdomenCT1K,66.85,8.88,8.88,10.32,5.06
351,AbdomenCT1K,62.08,9.775,9.775,13.84,4.54
352,AbdomenCT1K,70.62,8.91,8.91,8.88,2.69
353,AbdomenCT1K,61.63,10.355,10.355,10.61,7.06
354,AbdomenCT1K,70.96,10.465,10.465,4.22,3.89
355,AbdomenCT1K,71.68,8.75,8.75,5.09,5.72
356,AbdomenCT1K,72.71,8.715,8.715,4.69,5.18
357,AbdomenCT1K,66.86,6.665,6.665,16.71,3.1
358,AbdomenCT1K,70.85,6.65,6.65,9.72,6.13
359,AbdomenCT1K,68.73,7.765,7.765,13.9,1.84
360,AbdomenCT1K,71.77,7.975,7.975,9.48,2.8
361,AbdomenCT1K,66.83,7.93,7.93,13.84,3.47
362,AbdomenCT1K,73.02,7.115,7.115,8.46,4.29
363,AbdomenCT1K,62.13,13.86,13.86,7.2,2.95
364,AbdomenCT1K,70.31,10.005,10.005,6.67,3.01
365,AbdomenCT1K,67.44,7.27,7.27,14.08,3.94
366,AbdomenCT1K,74.35,7.565,7.565,6.99,3.53
367,AbdomenCT1K,63.27,11.68,11.68,9.78,3.6
368,AbdomenCT1K,77.69,5.92,5.92,6.55,3.92
369,AbdomenCT1K,72.34,8.05,8.05,9.44,2.12
370,AbdomenCT1K,60.22,9.82,9.82,18.31,1.83
371,AbdomenCT1K,71.62,8.235,8.235,8.47,3.44
372,AbdomenCT1K,76.14,8.39,8.39,4.49,2.59
373,AbdomenCT1K,73.18,6.515,6.515,8.22,5.58
374,AbdomenCT1K,67,9.93,9.93,7.11,6.02
375,AbdomenCT1K,71.59,9.795,9.795,4.94,3.88
376,AbdomenCT1K,64.62,6.74,6.74,16.28,5.63
377,AbdomenCT1K,62.51,4.855,4.855,21.06,6.73
378,AbdomenCT1K,66.67,8.165,8.165,13.86,3.13
379,AbdomenCT1K,70.55,8.625,8.625,9.13,3.07
380,AbdomenCT1K,73.3,6.635,6.635,8.96,4.46
381,AbdomenCT1K,70.06,7.095,7.095,10.75,5
382,AbdomenCT1K,68.14,10.3,10.3,5.98,5.28
383,AbdomenCT1K,75.03,6.36,6.36,9.16,3.09
384,AbdomenCT1K,74,6.895,6.895,9.97,2.23
385,AbdomenCT1K,70.96,7.875,7.875,9.02,4.27
386,AbdomenCT1K,61.37,8.33,8.33,19.99,1.99
387,AbdomenCT1K,68.37,9.755,9.755,6.55,5.57
388,AbdomenCT1K,64.9,9.6,9.6,11.7,4.21
389,AbdomenCT1K,71.78,8.67,8.67,7.46,3.42
390,AbdomenCT1K,66.33,8.56,8.56,13.25,3.3
391,AbdomenCT1K,70.8,9.575,9.575,8.92,1.13
392,AbdomenCT1K,73.91,7.07,7.07,9.48,2.46
393,AbdomenCT1K,66.08,8.445,8.445,13.1,3.93
394,AbdomenCT1K,70.48,6.615,6.615,14.11,2.18
395,AbdomenCT1K,64.05,7.645,7.645,16.4,4.27
396,AbdomenCT1K,79.9,5.88,5.88,5.92,2.42
397,AbdomenCT1K,69.71,7.48,7.48,11.96,3.38
398,AbdomenCT1K,73.87,7.84,7.84,6.21,4.24
399,AbdomenCT1K,72.88,7.815,7.815,10.4,1.08
400,AbdomenCT1K,74.29,7.81,7.81,6.83,3.26
401,AbdomenCT1K,69.21,9.16,9.16,9.81,2.67
402,AbdomenCT1K,67.23,8.99,8.99,10.53,4.26
403,AbdomenCT1K,66.63,8.83,8.83,12.88,2.83
404,AbdomenCT1K,66.6,9.73,9.73,10.83,3.11
405,AbdomenCT1K,68.28,9.73,9.73,8.32,3.94
406,AbdomenCT1K,68.05,11.69,11.69,4.8,3.77
407,AbdomenCT1K,73.92,8.745,8.745,6.27,2.32
408,AbdomenCT1K,55.73,16.105,16.105,8.96,3.09
409,AbdomenCT1K,74.72,7.105,7.105,8.66,2.41
410,AbdomenCT1K,70.9,8.665,8.665,8.56,3.21
411,AbdomenCT1K,66.46,11.06,11.06,6.96,4.46
412,AbdomenCT1K,74.51,7.315,7.315,9.25,1.61
413,AbdomenCT1K,73.32,8.87,8.87,8.07,0.87
414,AbdomenCT1K,72.48,7.99,7.99,7.32,4.21
415,AbdomenCT1K,71.79,7.715,7.715,7.83,4.96
416,AbdomenCT1K,67.87,9.05,9.05,10.51,3.53
417,AbdomenCT1K,62.59,11.75,11.75,9.72,4.19
418,AbdomenCT1K,63.13,6.47,6.47,20.57,3.35
419,AbdomenCT1K,71.38,7.39,7.39,9.14,4.7
420,AbdomenCT1K,74.74,5.74,5.74,11.05,2.74
421,AbdomenCT1K,73.34,7.97,7.97,6.02,4.7
422,AbdomenCT1K,72.69,7.02,7.02,10.8,2.47
423,AbdomenCT1K,76.2,8.06,8.06,5.16,2.51
424,AbdomenCT1K,72.91,8.72,8.72,5.6,4.05
425,AbdomenCT1K,74.97,6.785,6.785,8.34,3.12
426,AbdomenCT1K,69.85,7.88,7.88,10.92,3.46
427,AbdomenCT1K,62.13,9.945,9.945,13,4.97
428,AbdomenCT1K,73.78,6.48,6.48,8.92,4.33
429,AbdomenCT1K,75.75,6.37,6.37,8.36,3.15
430,AbdomenCT1K,72.04,7.575,7.575,9.43,3.38
431,AbdomenCT1K,71.38,7.84,7.84,7.46,5.48
432,AbdomenCT1K,72.86,8.54,8.54,4.52,5.54
433,AbdomenCT1K,72.25,9.06,9.06,6.64,2.98
434,AbdomenCT1K,68.95,8.725,8.725,9.04,4.57
435,AbdomenCT1K,71.07,7.4,7.4,10.28,3.85
436,AbdomenCT1K,69.63,7.665,7.665,10.47,4.57
437,AbdomenCT1K,65.08,9.13,9.13,12.92,3.74
438,AbdomenCT1K,63.61,7.145,7.145,19.74,2.37
439,AbdomenCT1K,71.23,8.27,8.27,8.94,3.28
440,AbdomenCT1K,73.15,3.755,3.755,15.4,3.94
441,AbdomenCT1K,69.71,7.27,7.27,11.06,4.69
442,AbdomenCT1K,72.34,6.475,6.475,8.7,6.01
443,AbdomenCT1K,69.08,7.675,7.675,9.34,6.24
444,AbdomenCT1K,63.56,8.155,8.155,15.93,4.21
445,AbdomenCT1K,68.4,9.365,9.365,7.53,5.33
446,AbdomenCT1K,66.04,6.93,6.93,16.8,3.3
447,AbdomenCT1K,69.88,7.25,7.25,13.14,2.48
448,AbdomenCT1K,64.39,7.275,7.275,11.44,9.63
449,AbdomenCT1K,67.99,9.12,9.12,9.31,4.46
450,AbdomenCT1K,66.78,8.17,8.17,13.16,3.73
451,AbdomenCT1K,73.15,8.655,8.655,5.44,4.1
452,AbdomenCT1K,67.31,7.15,7.15,12.8,5.6
453,AbdomenCT1K,63.25,9.425,9.425,12.1,5.79
454,AbdomenCT1K,61.32,8.205,8.205,17.18,5.09
455,AbdomenCT1K,72.01,8.77,8.77,7.04,3.4
456,AbdomenCT1K,66.41,7.855,7.855,11.19,6.69
457,AbdomenCT1K,72.86,7.97,7.97,7.55,3.65
458,AbdomenCT1K,68.92,8.7,8.7,7.9,5.77
459,AbdomenCT1K,60.2,10.16,10.16,14.47,5.01
460,AbdomenCT1K,68.38,8.13,8.13,13.02,2.34
461,AbdomenCT1K,69.49,9.175,9.175,8.86,3.3
462,AbdomenCT1K,74.7,6.25,6.25,9.45,3.35
463,AbdomenCT1K,77.87,5.065,5.065,10.19,1.81
464,AbdomenCT1K,65.88,9.935,9.935,9.44,4.81
465,AbdomenCT1K,71.08,5.13,5.13,15.81,2.85
466,AbdomenCT1K,67.95,9,9,11.29,2.76
467,AbdomenCT1K,69.81,8.315,8.315,11.68,1.88
468,AbdomenCT1K,73.13,7.3,7.3,9.8,2.47
469,AbdomenCT1K,66.93,9.69,9.69,10.23,3.46
470,AbdomenCT1K,60.26,10.61,10.61,15.06,3.46
471,AbdomenCT1K,75.28,6.135,6.135,9.85,2.59
472,AbdomenCT1K,72.35,7.935,7.935,10.53,1.25
473,AbdomenCT1K,68.99,7.7,7.7,13.8,1.82
474,AbdomenCT1K,67.74,7.775,7.775,12.94,3.77
475,AbdomenCT1K,71.52,8.475,8.475,9.15,2.39
476,AbdomenCT1K,71.51,5.785,5.785,11.2,5.71
477,AbdomenCT1K,71.61,7.775,7.775,10.87,1.97
478,AbdomenCT1K,66.22,8.48,8.48,11.83,4.98
479,AbdomenCT1K,76.63,5.865,5.865,10.02,1.62
480,AbdomenCT1K,72.33,8.485,8.485,8.66,2.04
481,AbdomenCT1K,66.18,9.125,9.125,12.4,3.17
482,AbdomenCT1K,68.81,8.7,8.7,10.74,3.05
483,AbdomenCT1K,77.08,6.115,6.115,9.82,0.87
484,AbdomenCT1K,64.97,13.205,13.205,5.06,3.56
485,AbdomenCT1K,72.33,8.625,8.625,7.1,3.32
486,AbdomenCT1K,75.64,6.535,6.535,6.98,4.3
487,AbdomenCT1K,68.78,8.54,8.54,8.36,5.78
488,AbdomenCT1K,73.42,7.2,7.2,6.89,5.3
489,AbdomenCT1K,57.8,12.66,12.66,13.23,3.66
490,AbdomenCT1K,77.58,8.105,8.105,0,6.21
491,AbdomenCT1K,71.68,7.245,7.245,8.54,5.29
492,AbdomenCT1K,73.47,7.495,7.495,6.88,4.65
493,AbdomenCT1K,71.87,9.77,9.77,4.32,4.27
494,AbdomenCT1K,65.92,9.27,9.27,11.59,3.95
495,AbdomenCT1K,68.63,7.28,7.28,14.1,2.71
496,AbdomenCT1K,74.9,5.36,5.36,12.01,2.37
497,AbdomenCT1K,58.38,12.51,12.51,12.3,4.3
498,AbdomenCT1K,61.62,8.37,8.37,18.01,3.63
499,AbdomenCT1K,76.02,8.235,8.235,4.7,2.81
500,AbdomenCT1K,71.08,9.5,9.5,7.23,2.69
501,AbdomenCT1K,73.31,7.63,7.63,9,2.43
502,AbdomenCT1K,67.76,9.555,9.555,9.95,3.18
503,AbdomenCT1K,69.44,7.975,7.975,11.53,3.08
504,AbdomenCT1K,70.51,7.6,7.6,10.75,3.54
505,AbdomenCT1K,56.8,8.46,8.46,23.74,2.54
506,AbdomenCT1K,69.11,7.38,7.38,13.17,2.96
507,AbdomenCT1K,71.1,9.165,9.165,7.12,3.46
508,AbdomenCT1K,65.64,11.235,11.235,7.63,4.25
509,AbdomenCT1K,64.71,11.94,11.94,7.88,3.53
510,AbdomenCT1K,64.96,8.09,8.09,16.15,2.7
511,AbdomenCT1K,66.7,12.13,12.13,5.08,3.95
512,AbdomenCT1K,64.67,11.05,11.05,10.51,2.72
513,AbdomenCT1K,63.11,10.59,10.59,12.01,3.7
514,AbdomenCT1K,67.68,10.69,10.69,6.65,4.3
515,AbdomenCT1K,63.36,8.895,8.895,15.44,3.41
516,AbdomenCT1K,72.27,10.17,10.17,3.69,3.7
517,AbdomenCT1K,61.8,9.785,9.785,14.29,4.34
518,AbdomenCT1K,75.25,7.03,7.03,8.12,2.58
519,AbdomenCT1K,65.66,7.165,7.165,15.29,4.72
520,AbdomenCT1K,56.14,10.33,10.33,18.53,4.67
521,AbdomenCT1K,71.29,11.14,11.14,3.75,2.68
522,AbdomenCT1K,65.9,10.83,10.83,9.16,3.29
523,AbdomenCT1K,68.74,9.98,9.98,8.28,3.01
524,AbdomenCT1K,62.1,10.6,10.6,11.54,5.16
525,AbdomenCT1K,69.03,9.78,9.78,7.87,3.54
526,AbdomenCT1K,68.87,8.2,8.2,10.04,4.69
527,AbdomenCT1K,70.25,6.595,6.595,11.79,4.77
528,AbdomenCT1K,66.39,6.585,6.585,16.9,3.54
529,AbdomenCT1K,68.61,9.125,9.125,9.84,3.3
530,AbdomenCT1K,71.99,5.235,5.235,15.83,1.71
531,AbdomenCT1K,69.66,8.52,8.52,8.4,4.9
532,AbdomenCT1K,72.2,8.445,8.445,7.87,3.04
533,AbdomenCT1K,66.15,11.095,11.095,6.94,4.72
534,AbdomenCT1K,74.11,5.995,5.995,9.99,3.91
535,AbdomenCT1K,77.89,5.575,5.575,8.31,2.65
536,AbdomenCT1K,77.27,7.025,7.025,5.87,2.82
537,AbdomenCT1K,70.53,7.5,7.5,10.21,4.26
538,AbdomenCT1K,66.08,9.14,9.14,10.63,5.01
539,AbdomenCT1K,62.73,9.905,9.905,14.47,2.99
540,AbdomenCT1K,67.11,9.31,9.31,10.42,3.85
541,AbdomenCT1K,67.04,9.1,9.1,11.51,3.25
542,AbdomenCT1K,65.44,10.15,10.15,11.15,3.1
543,AbdomenCT1K,67,8.875,8.875,10.37,4.89
544,AbdomenCT1K,70.54,9.325,9.325,6.58,4.23
545,AbdomenCT1K,70.88,7.43,7.43,10.55,3.71
546,AbdomenCT1K,64.1,11.91,11.91,9.76,2.32
547,AbdomenCT1K,66.1,10,10,11.85,2.05
548,AbdomenCT1K,67.53,12.265,12.265,5.39,2.55
549,AbdomenCT1K,64.42,8.975,8.975,13.52,4.11
550,AbdomenCT1K,62.87,12.38,12.38,9.38,2.99
551,AbdomenCT1K,72.71,7.64,7.64,8.86,3.14
552,AbdomenCT1K,63.64,10.185,10.185,11.13,4.85
553,AbdomenCT1K,61.78,12.55,12.55,9.21,3.91
554,AbdomenCT1K,72.09,9.045,9.045,7.9,1.92
555,AbdomenCT1K,68.42,9.8,9.8,9.55,2.43
556,AbdomenCT1K,61.54,11.6,11.6,10.23,5.03
557,AbdomenCT1K,65.1,11.02,11.02,9.3,3.57
558,AbdomenCT1K,70.28,8.56,8.56,8.47,4.13
559,AbdomenCT1K,72.69,6.96,6.96,8.61,4.78
560,AbdomenCT1K,69.08,8.185,8.185,9.72,4.83
561,AbdomenCT1K,63.66,10.775,10.775,10.16,4.62
562,AbdomenCT1K,66.02,8.04,8.04,12.85,5.06
563,AbdomenCT1K,71.14,8.65,8.65,6.88,4.68
564,AbdomenCT1K,78.08,7.33,7.33,4.55,2.71
565,AbdomenCT1K,70.32,9.42,9.42,7.49,3.35
566,AbdomenCT1K,70.27,7.64,7.64,11.01,3.44
567,AbdomenCT1K,70.39,7.515,7.515,10.49,4.1
568,AbdomenCT1K,61.85,11.48,11.48,11.44,3.75
569,AbdomenCT1K,69.12,5.79,5.79,15.39,3.92
570,AbdomenCT1K,64.65,10.445,10.445,10.5,3.97
571,AbdomenCT1K,70.03,6.845,6.845,14.55,1.73
572,AbdomenCT1K,65.06,10.37,10.37,10.02,4.18
573,AbdomenCT1K,69.24,9.275,9.275,8.55,3.65
574,AbdomenCT1K,73.14,7.295,7.295,8.75,3.52
575,AbdomenCT1K,71.29,7.875,7.875,9.44,3.51
576,AbdomenCT1K,70.69,8.14,8.14,9.71,3.33
577,AbdomenCT1K,64.73,10.69,10.69,9.31,4.58
578,AbdomenCT1K,70.91,7.65,7.65,10.05,3.74
579,AbdomenCT1K,61.99,14.39,14.39,5.68,3.55
580,AbdomenCT1K,63.43,9.8,9.8,11.59,5.38
581,AbdomenCT1K,65.24,8.76,8.76,12.63,4.6
582,AbdomenCT1K,70.31,8.545,8.545,8.74,3.85
583,AbdomenCT1K,64.75,10.705,10.705,9.17,4.67
584,AbdomenCT1K,72.8,8.025,8.025,7.55,3.6
585,AbdomenCT1K,73.24,7.655,7.655,7.22,4.23
586,AbdomenCT1K,62.11,9.97,9.97,13.97,3.98
587,AbdomenCT1K,67.93,6.065,6.065,17.03,2.91
588,AbdomenCT1K,66.87,10.13,10.13,10.37,2.49
589,AbdomenCT1K,73.7,9.525,9.525,5.2,2.05
590,AbdomenCT1K,73.02,7.165,7.165,7.92,4.74
591,AbdomenCT1K,72.16,8.8,8.8,7.3,2.95
592,AbdomenCT1K,76.87,5.65,5.65,8.01,3.82
593,AbdomenCT1K,72.03,7.735,7.735,9.48,3.01
594,AbdomenCT1K,71.71,7.615,7.615,8.32,4.74
595,AbdomenCT1K,66.17,7.98,7.98,13.6,4.28
596,AbdomenCT1K,69.08,8.755,8.755,10.02,3.4
597,AbdomenCT1K,71.83,7.62,7.62,8.27,4.66
598,AbdomenCT1K,69.85,8.16,8.16,9.88,3.95
599,AbdomenCT1K,68.84,9.16,9.16,8.41,4.43
600,AbdomenCT1K,66.19,8.31,8.31,13.19,4
601,AbdomenCT1K,68.7,8.85,8.85,7.8,5.79
602,AbdomenCT1K,72.74,4.25,4.25,13.81,4.95
603,AbdomenCT1K,74.17,7.005,7.005,6.95,4.88
604,AbdomenCT1K,70.32,7.54,7.54,12.28,2.32
605,AbdomenCT1K,67.07,9.93,9.93,7.07,6
606,AbdomenCT1K,69.82,7.465,7.465,10.7,4.55
607,AbdomenCT1K,70.85,9.975,9.975,4.38,4.82
608,AbdomenCT1K,69.67,8.01,8.01,10.16,4.16
609,AbdomenCT1K,59.36,8.02,8.02,20.89,3.71
610,AbdomenCT1K,67.75,7.49,7.49,13.4,3.87
611,AbdomenCT1K,61.8,7.995,7.995,17.72,4.49
612,AbdomenCT1K,73.9,8.02,8.02,6.99,3.07
613,AbdomenCT1K,70.35,6.99,6.99,12.37,3.3
614,AbdomenCT1K,65.61,11.41,11.41,7.05,4.52
615,AbdomenCT1K,71.12,7.255,7.255,10.46,3.9
616,AbdomenCT1K,57.74,14.51,14.51,8.11,5.12
617,AbdomenCT1K,70.45,9.355,9.355,9,1.83
618,AbdomenCT1K,65.09,10.14,10.14,10.56,4.06
619,AbdomenCT1K,69.99,8.98,8.98,8.63,3.41
620,AbdomenCT1K,67,9.69,9.69,11.09,2.53
621,AbdomenCT1K,71.23,8.475,8.475,9.38,2.44
622,AbdomenCT1K,68.98,9.145,9.145,7.87,4.87
623,AbdomenCT1K,54.52,12.25,12.25,17.25,3.73
624,AbdomenCT1K,73.67,7.735,7.735,7.41,3.46
625,AbdomenCT1K,70.37,6.68,6.68,12.97,3.3
626,AbdomenCT1K,69.18,7.485,7.485,12.06,3.79
627,AbdomenCT1K,72.32,5.69,5.69,12.96,3.34
628,AbdomenCT1K,70.22,7.605,7.605,10.78,3.78
629,AbdomenCT1K,71.78,8.14,8.14,5.16,6.78
630,AbdomenCT1K,72.42,10.035,10.035,3.51,4
631,AbdomenCT1K,68.97,8.8,8.8,10.5,2.93
632,AbdomenCT1K,71.57,9.66,9.66,6.25,2.85
633,AbdomenCT1K,71.83,9.275,9.275,5.3,4.31
634,AbdomenCT1K,71.81,9,9,7.73,2.47
635,AbdomenCT1K,70.86,8.81,8.81,8.02,3.49
636,AbdomenCT1K,60.59,11.365,11.365,10.91,5.77
637,AbdomenCT1K,78.09,5.115,5.115,7.47,4.21
638,AbdomenCT1K,68.62,6.12,6.12,14.38,4.76
639,AbdomenCT1K,67.93,9.04,9.04,9.03,4.97
640,AbdomenCT1K,66.92,10.29,10.29,8.52,3.98
641,AbdomenCT1K,72.54,8.64,8.64,8.01,2.16
642,AbdomenCT1K,67.72,9.625,9.625,9.4,3.63
643,AbdomenCT1K,70.86,6.035,6.035,13.74,3.32
644,AbdomenCT1K,69.67,7.94,7.94,8.12,6.32
645,AbdomenCT1K,69.3,8.42,8.42,10.06,3.8
646,AbdomenCT1K,68.12,8.38,8.38,12.02,3.1
647,AbdomenCT1K,72.33,8.51,8.51,6.91,3.74
648,AbdomenCT1K,70.04,10.16,10.16,6.11,3.53
649,AbdomenCT1K,68.79,9.345,9.345,9.66,2.86
650,AbdomenCT1K,69.89,7.145,7.145,9.85,5.97
651,AbdomenCT1K,66.77,9.535,9.535,11.16,3
652,AbdomenCT1K,66.51,9.235,9.235,9.74,5.28
653,AbdomenCT1K,67.1,9.255,9.255,10.48,3.9
654,AbdomenCT1K,68.24,7.49,7.49,11.18,5.6
655,AbdomenCT1K,63.49,8.365,8.365,15.11,4.67
656,AbdomenCT1K,69.81,9.26,9.26,8.63,3.04
657,AbdomenCT1K,72.06,8.68,8.68,7.72,2.86
658,AbdomenCT1K,75.64,7.675,7.675,4.29,4.73
659,AbdomenCT1K,71.56,7.665,7.665,9.98,3.13
660,AbdomenCT1K,62.98,8.145,8.145,15.7,5.03
661,AbdomenCT1K,70.95,8.825,8.825,7.93,3.47
662,AbdomenCT1K,72.22,7.22,7.22,10.64,2.7
663,AbdomenCT1K,76.6,5.705,5.705,9.53,2.46
664,AbdomenCT1K,70.56,6.7,6.7,12.35,3.69
665,AbdomenCT1K,53.55,5.185,5.185,33.82,2.27
666,AbdomenCT1K,75.47,8.55,8.55,5.55,1.88
667,AbdomenCT1K,71.1,7.12,7.12,11.24,3.42
668,AbdomenCT1K,70.64,7.025,7.025,11.54,3.77
669,AbdomenCT1K,68.9,8.53,8.53,11.25,2.79
670,AbdomenCT1K,72.87,7.47,7.47,8.81,3.37
671,AbdomenCT1K,70.7,9.145,9.145,9.12,1.89
672,AbdomenCT1K,74.18,6.16,6.16,10.8,2.7
673,AbdomenCT1K,75,7.44,7.44,6.68,3.43
674,AbdomenCT1K,74.73,8.12,8.12,4.84,4.18
675,AbdomenCT1K,77.62,5.33,5.33,10.04,1.68
676,AbdomenCT1K,67.1,8.195,8.195,12.86,3.65
677,AbdomenCT1K,67.82,9.81,9.81,9.58,2.99
678,AbdomenCT1K,61.95,6.23,6.23,23.34,2.25
679,AbdomenCT1K,70.4,8.475,8.475,8.76,3.88
680,AbdomenCT1K,74.56,5.525,5.525,10.9,3.49
681,AbdomenCT1K,73.2,7.555,7.555,7.88,3.81
682,AbdomenCT1K,72.45,5.975,5.975,11.48,4.12
683,AbdomenCT1K,69.83,8.48,8.48,8.69,4.52
684,AbdomenCT1K,73.61,7.62,7.62,7.37,3.78
685,AbdomenCT1K,71.66,8.29,8.29,8.96,2.79
686,AbdomenCT1K,69.41,8.805,8.805,10.04,2.94
687,AbdomenCT1K,71.67,5.145,5.145,14.3,3.75
688,AbdomenCT1K,71.63,7.815,7.815,8.71,4.03
689,AbdomenCT1K,64,12.315,12.315,8.18,3.19
690,AbdomenCT1K,65.01,9.48,9.48,13.16,2.87
691,AbdomenCT1K,71.57,7.66,7.66,9.38,3.73
692,AbdomenCT1K,66.77,8.975,8.975,10.77,4.52
693,AbdomenCT1K,74.08,6.695,6.695,8.37,4.16
694,AbdomenCT1K,68.46,8.8,8.8,11.13,2.82
695,AbdomenCT1K,71.81,8.565,8.565,8.31,2.75
696,AbdomenCT1K,63.6,10.45,10.45,12.18,3.32
697,AbdomenCT1K,66.27,9.82,9.82,9.51,4.58
698,AbdomenCT1K,68.63,9.555,9.555,8.85,3.42
699,AbdomenCT1K,73.75,6.99,6.99,8.74,3.52
700,AbdomenCT1K,70.56,9.165,9.165,6.84,4.27
701,AbdomenCT1K,68.38,7.41,7.41,11.57,5.24
702,AbdomenCT1K,65.64,8.14,8.14,14.27,3.81
703,AbdomenCT1K,75.22,7.36,7.36,6.9,3.16
704,AbdomenCT1K,68.93,7.91,7.91,11.93,3.31
705,AbdomenCT1K,69.44,6.79,6.79,12.56,4.42
706,AbdomenCT1K,66.85,8.72,8.72,12.95,2.76
707,AbdomenCT1K,68.9,7.055,7.055,13.52,3.46
708,AbdomenCT1K,70.31,9.09,9.09,8.65,2.87
709,AbdomenCT1K,65.01,7.72,7.72,13.35,6.2
710,AbdomenCT1K,78.74,5.805,5.805,6.48,3.17
711,AbdomenCT1K,65.4,9.83,9.83,11.21,3.73
712,AbdomenCT1K,72.48,7.325,7.325,9.68,3.19
713,AbdomenCT1K,66.98,7.905,7.905,12.07,5.15
714,AbdomenCT1K,74.1,6.815,6.815,9.82,2.46
715,AbdomenCT1K,74.33,7.305,7.305,7.88,3.18
716,AbdomenCT1K,74.88,7.34,7.34,6.39,4.05
717,AbdomenCT1K,72.44,8.775,8.775,4.64,5.37
718,AbdomenCT1K,63.08,7.75,7.75,18.11,3.31
719,AbdomenCT1K,71.85,7.135,7.135,10.04,3.84
720,AbdomenCT1K,59.65,7.07,7.07,24.44,1.76
721,AbdomenCT1K,72.16,7.62,7.62,9.34,3.25
722,AbdomenCT1K,74.55,5.665,5.665,12.13,1.99
723,AbdomenCT1K,69.08,10.785,10.785,6.17,3.18
724,AbdomenCT1K,61.37,14.555,14.555,5.98,3.54
725,AbdomenCT1K,61.55,14.44,14.44,6.09,3.48
726,AbdomenCT1K,63.75,13.535,13.535,5.88,3.29
727,AbdomenCT1K,70.9,6.755,6.755,12.42,3.17
728,AbdomenCT1K,71.91,6.985,6.985,10.72,3.4
729,AbdomenCT1K,70.46,9.615,9.615,7.23,3.08
730,AbdomenCT1K,68.76,8.3,8.3,11.5,3.14
731,AbdomenCT1K,65.98,7.755,7.755,13.97,4.55
732,AbdomenCT1K,65.01,10.25,10.25,9.74,4.75
733,AbdomenCT1K,59.62,7.97,7.97,20.57,3.87
734,AbdomenCT1K,66.72,8.83,8.83,14.3,1.32
735,AbdomenCT1K,63.82,8.495,8.495,13.8,5.39
736,AbdomenCT1K,74.24,8.955,8.955,1.79,6.06
737,AbdomenCT1K,72.44,8.03,8.03,7.55,3.95
738,AbdomenCT1K,64.23,9.69,9.69,10.77,5.61
739,AbdomenCT1K,64.32,8.26,8.26,14.19,4.98
740,AbdomenCT1K,74.17,7.945,7.945,7.39,2.55
741,AbdomenCT1K,68.11,7.325,7.325,12.71,4.53
742,AbdomenCT1K,61.79,9.36,9.36,15.27,4.22
743,AbdomenCT1K,66.37,7.575,7.575,13.83,4.66
744,AbdomenCT1K,56.61,11.135,11.135,16.12,4.99
745,AbdomenCT1K,67.13,7.355,7.355,15.2,2.96
746,AbdomenCT1K,70.45,9.3,9.3,5.96,4.98
747,AbdomenCT1K,69.08,7.97,7.97,13.65,1.33
748,AbdomenCT1K,64.17,10.995,10.995,10.99,2.86
749,AbdomenCT1K,65.59,10.255,10.255,10.14,3.77
750,AbdomenCT1K,71.25,8.11,8.11,9.87,2.65
751,AbdomenCT1K,70.65,9.125,9.125,8,3.09
752,AbdomenCT1K,59.97,7.465,7.465,20.24,4.86
753,AbdomenCT1K,70.96,7.89,7.89,9.24,4.01
754,AbdomenCT1K,71.47,6.705,6.705,9.8,5.32
755,AbdomenCT1K,68.5,9.88,9.88,9.69,2.05
756,AbdomenCT1K,76.76,5.925,5.925,7.73,3.66
757,AbdomenCT1K,66.56,9.39,9.39,10.2,4.46
758,AbdomenCT1K,67.07,7.375,7.375,14.63,3.56
759,AbdomenCT1K,63.73,5.755,5.755,21.93,2.82
760,AbdomenCT1K,74.49,7.41,7.41,8.06,2.63
761,AbdomenCT1K,66.04,7.115,7.115,15.64,4.1
762,AbdomenCT1K,72.68,7.86,7.86,9.08,2.52
763,AbdomenCT1K,68.63,7.375,7.375,13.06,3.56
764,AbdomenCT1K,66.76,8.245,8.245,13.63,3.12
765,AbdomenCT1K,68.33,8.74,8.74,11.23,2.96
766,AbdomenCT1K,71.43,7.465,7.465,10.87,2.77
767,AbdomenCT1K,70.77,8.7,8.7,8.98,2.85
768,AbdomenCT1K,68.95,7.835,7.835,11.57,3.81
769,AbdomenCT1K,76.65,7.465,7.465,4.98,3.44
770,AbdomenCT1K,66.43,9.165,9.165,12,3.24
771,AbdomenCT1K,66.56,6.865,6.865,17.65,2.07
772,AbdomenCT1K,72.82,8.555,8.555,5.59,4.48
773,AbdomenCT1K,72.05,8.885,8.885,6.77,3.42
774,AbdomenCT1K,70.93,7.495,7.495,10.56,3.52
775,AbdomenCT1K,68.51,8.12,8.12,10.78,4.46
776,AbdomenCT1K,71.21,6.52,6.52,12.06,3.69
777,AbdomenCT1K,70.48,7.435,7.435,10.18,4.47
778,AbdomenCT1K,68.74,7.795,7.795,12.83,2.84
779,AbdomenCT1K,71.34,7.78,7.78,9.64,3.46
780,AbdomenCT1K,67.42,12.34,12.34,2.81,5.09
781,AbdomenCT1K,69.62,8.32,8.32,10.64,3.1
782,AbdomenCT1K,71.89,9.095,9.095,7.33,2.59
783,AbdomenCT1K,73.25,8.605,8.605,5.9,3.64
784,AbdomenCT1K,75.57,6.39,6.39,9.14,2.51
785,AbdomenCT1K,65.76,7.915,7.915,15.17,3.23
786,AbdomenCT1K,68.39,8.165,8.165,11.27,4.01
787,AbdomenCT1K,71.84,7.435,7.435,9.14,4.15
788,AbdomenCT1K,73.68,7.04,7.04,8.84,3.4
789,AbdomenCT1K,72.39,8.145,8.145,8.49,2.84
790,AbdomenCT1K,73.19,7.455,7.455,8.37,3.53
791,AbdomenCT1K,70.85,8.86,8.86,9.09,2.34
792,AbdomenCT1K,72.89,6.535,6.535,9.55,4.49
793,AbdomenCT1K,70.36,6.235,6.235,14.26,2.92
794,AbdomenCT1K,68.28,7.875,7.875,12.83,3.14
795,AbdomenCT1K,72.19,7.145,7.145,10.25,3.26
796,AbdomenCT1K,70.03,8.22,8.22,9.13,4.4
797,AbdomenCT1K,71.95,7.225,7.225,9.94,3.67
798,AbdomenCT1K,67.53,7.13,7.13,15.15,3.07
799,AbdomenCT1K,77.08,8.045,8.045,3.21,3.62
800,AbdomenCT1K,56.95,16.145,16.145,7.71,3.04
801,AbdomenCT1K,60.34,13.63,13.63,8.1,4.29
802,AbdomenCT1K,71.84,9.67,9.67,6.75,2.08
803,AbdomenCT1K,45.56,18.965,18.965,7.27,9.25
804,AbdomenCT1K,55.16,18.005,18.005,6.61,2.22
805,AbdomenCT1K,65.52,11.89,11.89,6.79,3.91
806,AbdomenCT1K,74.51,8.725,8.725,6.84,1.2
807,AbdomenCT1K,61.08,11.07,11.07,14.42,2.36
808,AbdomenCT1K,70.36,9.23,9.23,6.57,4.6
809,AbdomenCT1K,72.39,8.245,8.245,7.68,3.44
810,AbdomenCT1K,63.31,8.955,8.955,15.59,3.19
811,AbdomenCT1K,71,8.515,8.515,8.78,3.19
812,AbdomenCT1K,72.65,6.4,6.4,11.11,3.44
813,AbdomenCT1K,70.57,12.595,12.595,3.18,1.06
814,AbdomenCT1K,75.91,6.33,6.33,9.14,2.29
815,AbdomenCT1K,67.07,9.09,9.09,9.85,4.9
816,AbdomenCT1K,70.32,8.425,8.425,8.71,4.12
817,AbdomenCT1K,65.66,9.42,9.42,11.11,4.4
818,AbdomenCT1K,67.71,6.54,6.54,15.4,3.81
819,AbdomenCT1K,65.8,8.45,8.45,11.88,5.42
820,AbdomenCT1K,68.86,7.645,7.645,11.28,4.57
821,AbdomenCT1K,72.31,6.955,6.955,8.2,5.57
822,AbdomenCT1K,66.4,9.38,9.38,7.15,7.68
823,AbdomenCT1K,67.08,7.325,7.325,14.21,4.05
824,AbdomenCT1K,69.61,9.04,9.04,7,5.32
825,AbdomenCT1K,64.28,10.07,10.07,11.04,4.54
826,AbdomenCT1K,70.3,8.17,8.17,9.8,3.57
827,AbdomenCT1K,58.96,7.45,7.45,23.11,3.03
828,AbdomenCT1K,63.35,11.645,11.645,7.7,5.67
829,AbdomenCT1K,65.8,8.405,8.405,15.41,1.97
830,AbdomenCT1K,65.66,10.4,10.4,8.49,5.06
831,AbdomenCT1K,68.28,7.585,7.585,14.57,1.98
832,AbdomenCT1K,71.76,8.005,8.005,8.32,3.91
833,AbdomenCT1K,69.48,9.43,9.43,5.88,5.78
834,AbdomenCT1K,74.88,7.24,7.24,8.67,1.98
835,AbdomenCT1K,67.41,8.54,8.54,7.02,8.49
836,AbdomenCT1K,73.98,6.5,6.5,10.53,2.5
837,AbdomenCT1K,74.18,8.645,8.645,5.75,2.77
838,AbdomenCT1K,69.4,6.06,6.06,15.16,3.32
839,AbdomenCT1K,70,10.555,10.555,3.76,5.13
840,AbdomenCT1K,68.19,9.065,9.065,8.54,5.13
841,AbdomenCT1K,67.36,8.82,8.82,11.58,3.43
842,AbdomenCT1K,68.5,8.445,8.445,12.17,2.44
843,AbdomenCT1K,64.51,8.66,8.66,14.85,3.33
844,AbdomenCT1K,65.18,10.5,10.5,10.29,3.52
845,AbdomenCT1K,72.41,8.96,8.96,6.27,3.4
846,AbdomenCT1K,70.53,8.535,8.535,9.35,3.06
847,AbdomenCT1K,70.63,8.865,8.865,8.49,3.15
848,AbdomenCT1K,67.98,10.795,10.795,6.78,3.65
849,AbdomenCT1K,71.22,8.13,8.13,8.27,4.25
850,AbdomenCT1K,60.66,10.72,10.72,15.73,2.17
851,AbdomenCT1K,69.75,9.325,9.325,7.42,4.18
852,AbdomenCT1K,69.97,6.39,6.39,11.57,5.69
853,AbdomenCT1K,66.76,7.235,7.235,14.84,3.93
854,AbdomenCT1K,70.32,9.275,9.275,8.15,2.97
855,AbdomenCT1K,70.56,7.32,7.32,10.92,3.87
856,AbdomenCT1K,76.11,4.56,4.56,9.89,4.88
857,AbdomenCT1K,75.95,7.715,7.715,6.9,1.72
858,AbdomenCT1K,72.41,7.14,7.14,9.99,3.32
859,AbdomenCT1K,72.54,9.05,9.05,4.85,4.51
860,AbdomenCT1K,70.23,8.09,8.09,10.08,3.51
861,AbdomenCT1K,66.19,8.955,8.955,10.5,5.4
862,AbdomenCT1K,71.57,7.52,7.52,8.45,4.94
863,AbdomenCT1K,68.41,8.52,8.52,6.5,8.05
864,AbdomenCT1K,68.99,7.53,7.53,12.32,3.63
865,AbdomenCT1K,67.5,6.975,6.975,14.42,4.13
866,AbdomenCT1K,68.54,11.21,11.21,2.47,6.57
867,AbdomenCT1K,65.84,8.145,8.145,11.53,6.34
868,AbdomenCT1K,62.32,8.71,8.71,16.29,3.97
869,AbdomenCT1K,72.45,7.76,7.76,9.56,2.47
870,AbdomenCT1K,70.09,9.905,9.905,6.65,3.45
871,AbdomenCT1K,76.94,5.08,5.08,8.64,4.26
872,AbdomenCT1K,65.51,7.835,7.835,14.8,4.03
873,AbdomenCT1K,72,8.26,8.26,8.9,2.59
874,AbdomenCT1K,67.85,7.105,7.105,14.82,3.12
875,AbdomenCT1K,58.13,7.69,7.69,25.39,1.09
876,AbdomenCT1K,64.32,7.865,7.865,15.71,4.23
877,AbdomenCT1K,59.54,5.645,5.645,25.75,3.42
878,AbdomenCT1K,67.64,6.975,6.975,14.55,3.86
879,AbdomenCT1K,69.3,7.715,7.715,9.41,5.86
880,AbdomenCT1K,65.83,6.72,6.72,18.02,2.71
881,AbdomenCT1K,70.09,9.325,9.325,6.72,4.54
882,AbdomenCT1K,77.21,7.34,7.34,5.2,2.9
883,AbdomenCT1K,74.65,5.04,5.04,11.57,3.7
884,AbdomenCT1K,67.78,8.455,8.455,12.15,3.16
885,AbdomenCT1K,64.48,12.875,12.875,7.88,1.88
886,AbdomenCT1K,72.08,7.895,7.895,9.37,2.76
887,AbdomenCT1K,69.62,8.225,8.225,11.01,2.91
888,AbdomenCT1K,72.07,9.305,9.305,6.55,2.76
889,AbdomenCT1K,67.43,9.21,9.21,10.77,3.38
890,AbdomenCT1K,69.47,9.09,9.09,9.11,3.25
891,AbdomenCT1K,59,14.55,14.55,8.5,3.4
892,AbdomenCT1K,65.63,12.11,12.11,7.7,2.45
893,AbdomenCT1K,76.51,6.435,6.435,6.41,4.21
894,AbdomenCT1K,69.36,10.25,10.25,7.27,2.88
895,AbdomenCT1K,68.37,7.215,7.215,11.56,5.64
896,AbdomenCT1K,68.77,9.205,9.205,8.38,4.43
897,AbdomenCT1K,74.31,7.84,7.84,6.09,3.92
898,AbdomenCT1K,63,8.635,8.635,12.93,6.79
899,AbdomenCT1K,65.33,8.82,8.82,14.28,2.76
900,AbdomenCT1K,63.45,10.805,10.805,9.12,5.81
901,AbdomenCT1K,67.77,8.815,8.815,8.42,6.18
902,AbdomenCT1K,68.18,8.135,8.135,11.1,4.44
903,AbdomenCT1K,73.99,8.375,8.375,6.17,3.09
904,AbdomenCT1K,60.52,7.8,7.8,21.33,2.54
905,AbdomenCT1K,68.41,7.775,7.775,13.73,2.32
906,AbdomenCT1K,65.82,12.815,12.815,4.92,3.63
907,AbdomenCT1K,69.37,7.01,7.01,13.05,3.56
908,AbdomenCT1K,71.59,8.37,8.37,8.16,3.51
909,AbdomenCT1K,68.09,8.535,8.535,9.92,4.92
910,AbdomenCT1K,61.34,9.95,9.95,11.15,7.6
911,AbdomenCT1K,73.58,7.905,7.905,7.54,3.07
912,AbdomenCT1K,70.54,8.565,8.565,9.66,2.67
913,AbdomenCT1K,73.72,6.715,6.715,10.05,2.8
914,AbdomenCT1K,73.31,8.045,8.045,7.16,3.44
915,AbdomenCT1K,68.65,6.525,6.525,15.74,2.56
916,AbdomenCT1K,69.04,7.485,7.485,12.6,3.39
917,AbdomenCT1K,73.91,7.44,7.44,7.63,3.58
918,AbdomenCT1K,69.79,8.155,8.155,6.97,6.92
919,AbdomenCT1K,65.86,6.905,6.905,17.11,3.22
920,AbdomenCT1K,70.11,8.595,8.595,6.82,5.89
921,AbdomenCT1K,67.05,10.11,10.11,6.24,6.49
922,AbdomenCT1K,67.22,7.22,7.22,8.56,9.78
923,AbdomenCT1K,70.94,8.285,8.285,8.3,4.19
924,AbdomenCT1K,66.44,11.22,11.22,8.79,2.33
925,AbdomenCT1K,67.27,6.67,6.67,17.26,2.14
926,AbdomenCT1K,68.65,9.125,9.125,11.75,1.34
927,AbdomenCT1K,73.16,6.985,6.985,9.69,3.18
